58
100
58
45
62
26
20
80
51
67
16
53
59
36
21
43
88
78
93
15
82
33
92
92
32
15
31
64
10
61
65
58
60
22
93
21
38
13
92
79
70
99
32
28
34
43
62
22
20
55
27
93
78
19
84
100
25
15
64
25
66
28
74
25
40
67
37
69
70
28
48
39
26
70
58
51
13
19
63
24
65
81
16
42
91
90
42
15
95
96
31
61
24
95
77
55
61
13
23
31
31
61
61
48
31
18
89
34
28
52
48
83
32
55
25
22
44
57
28
39
53
49
90
67
44
66
21
96
70
35
26
91
87
77
39
17
86
28
42
13
70
80
87
93
34
12
14
69
59
33
99
12
73
89
69
16
54
81
12
24
16
28
14
93
96
44
10
81
62
42
85
32
22
71
24
47
74
29
15
32
52
14
35
24
93
95
31
47
75
33
61
82
52
66
75
47
100
75
27
61