M
139
  3
 69
 88
 65
 45
 80
116
 14
118
108
 60
 63
140
 63
120
132
 28
 20
 19
 91
138
100
104
 91
 59
 45
130
 53
 11
 49
 47
 14
118
135
 78
 18
 70
 50
 32
 44
 14
 91
106
  9
  9
 82
140
 37
101
 15
127
 94
114
 87
 40
 28
131
 26
 81
142
 74
127
 11
 47
118
 89
 65
 43
138
 96
 86
  8
 42
 48
 16
 50
129
 11
 86
 86
 26
 69
 35
139
 12
 75
 23
142
100
103
140
 30
 86
  6
 77
 59
 95
141
102
 89
 92
 44
 96
134
 91
111
 40
 76
122
126
 17
  3
 51
 52
142
 62
127
 20
 60
 83
122
 55
112
 64
 61
 44
123
 11
 41
 80
 99
133
123
 50
122
 70
 17
 18
  2
138
143
 19
141
